Printing the block to vk_hex.txt[
    512,
    1,
    21420743021997066434832986756076406643671051230184844502028184857340687574210,
    6593316833959535531917731306901396020375818253188545296076213892339617928486,
    11341887083846655876216090828832677442498885603305857464792967969034282270415,
    6024688372581077883515057828017579845947976196920953057327488018006709608013,
    9579612523045692462248245939806120049296629734686416393640781475918379178379,
    18029586420549830123995694304387282176810019591136833396762018998086343550322,
    21322088840067055122138475143787882090050893883145961211372106683383419086648,
    12056772793959506860578565977787359989510519139481074229928044790930217980776,
    5505034511158165202715435063424899864219326756621959798700835889683861670315,
    6058758991281367860073360962186697281936065033276200012497638992487057364272,
    19638866859976261507819573552389829293965540356124509521583520797003504169159,
    19986336211618987711644229326832451537609541241060325997185230817071082204849,
    19914234010553617431746089874296827658191341791019699680517803544534715149727,
    11849530395558648318317187910275165213283581474967648665260040506662254228103,
    19914234010553617431746089874296827658191341791019699680517803544534715149727,
    11849530395558648318317187910275165213283581474967648665260040506662254228103,
    19914234010553617431746089874296827658191341791019699680517803544534715149727,
    11849530395558648318317187910275165213283581474967648665260040506662254228103,
    19914234010553617431746089874296827658191341791019699680517803544534715149727,
    11849530395558648318317187910275165213283581474967648665260040506662254228103,
    19914234010553617431746089874296827658191341791019699680517803544534715149727,
    11849530395558648318317187910275165213283581474967648665260040506662254228103,
    19914234010553617431746089874296827658191341791019699680517803544534715149727,
    11849530395558648318317187910275165213283581474967648665260040506662254228103,
    19914234010553617431746089874296827658191341791019699680517803544534715149727,
    11849530395558648318317187910275165213283581474967648665260040506662254228103,
    19914234010553617431746089874296827658191341791019699680517803544534715149727,
    11849530395558648318317187910275165213283581474967648665260040506662254228103,
    19914234010553617431746089874296827658191341791019699680517803544534715149727,
    11849530395558648318317187910275165213283581474967648665260040506662254228103,
    19914234010553617431746089874296827658191341791019699680517803544534715149727,
    11849530395558648318317187910275165213283581474967648665260040506662254228103,
    6480897510448100560460274473411434873981454498187142888998395355304895555232,
    21763275124500862114190584232840802991430353872373030908098083263823527409495,
    6747591308342599425212496809449867617096550136002798771796661874131788107543,
    5043382643655133687107528674779946955616819413516429300129094935386670739398,
    19914234010553617431746089874296827658191341791019699680517803544534715149727,
    11849530395558648318317187910275165213283581474967648665260040506662254228103,
    19914234010553617431746089874296827658191341791019699680517803544534715149727,
    11849530395558648318317187910275165213283581474967648665260040506662254228103,
    19914234010553617431746089874296827658191341791019699680517803544534715149727,
    11849530395558648318317187910275165213283581474967648665260040506662254228103,
    19914234010553617431746089874296827658191341791019699680517803544534715149727,
    11849530395558648318317187910275165213283581474967648665260040506662254228103,
    19914234010553617431746089874296827658191341791019699680517803544534715149727,
    11849530395558648318317187910275165213283581474967648665260040506662254228103,
    9453878933437620322463129263723785987641524867662671425311372618109157807401,
    18585960859424728132606318540964804015268059724362084489505396858233427537800,
    1,
    21509278299504349099462204191118037118107610078220221266349290695035863440714,
    13976592813031577188125521927972899479470463550363151269753910432073024188453,
    14591765506482671446560885548197471556272316625185371414625730123191650159626,
    20883368082289025076967387451686443472842943894869136517205989827531572897921,
    14079933103252854716304479264724841433684027389069177668282000407362903970349,
    163769651499341941025649136221474688000580307406239013382979452690825991656,
    1750367204499033887803291739809223469341306223035963223151531391502611714402,
    17190302706736662300693351396308580590083035030515970560572525948850904373863,
    6646597098446719685365134919111325437820747421585255384688884947612354551658,
    18715992101292769341972867905282293985017826826044097153854761268393448399757,
    3469118595593175901343736983007972763739410847981275712240676334993592322813,
    20044901385086550953488225208486105070970690707522254691086856691644328455240,
    567768350772323325359484643848542270007399211597318070936362563123595457888,
    7688067217989994385175370005327028282099909322677106416431281707406319639423,
    7687918639911294339882576580611551419932980906448618049918745820988988940544,
    18992883557077338751676740118177043722015109780430174049283693347921085315405,
    13894752563669177437972774094368710232791813444255892635223873293938781475590,
    10925122867104977337323190443464523418359723997008819246567631783324624443255,
    18962925891889930889570493569926001403492439380023366507779121004511310287959,
    13391535935907980906767851257946662220338053336387334424319244660799129107115,
    13486697983632270454518154085647451274272822224810404073606160143201764912100,
    19730215451073055081484308140724634066486551345743718054014672266688134390417,
    14831435711192949190034188156049387261611890338548161586954205995029247307236,
]